[gd_scene load_steps=8 format=2]

[ext_resource path="res://assets/Steve.tscn" type="PackedScene" id=1]
[ext_resource path="res://scripts/Steve.gd" type="Script" id=2]

[sub_resource type="BoxShape" id=1]

[sub_resource type="CubeMesh" id=2]

[sub_resource type="BoxShape" id=3]
extents = Vector3( 15, 0.5, 15 )

[sub_resource type="SpatialMaterial" id=5]
albedo_color = Color( 0.137255, 0.545098, 0.545098, 1 )

[sub_resource type="CubeMesh" id=4]
material = SubResource( 5 )
size = Vector3( 30, 1, 30 )

[node name="Level" type="Spatial"]

[node name="Box" type="RigidBody" parent="."]
transform = Transform( -0.147856, -0.954542, 0.258819, 0.670759, -0.289094, -0.683013, 0.726788, 0.0726176, 0.683013, 10, 2.99879, 0 )
__meta__ = {
"_edit_group_": true
}

[node name="CollisionShape" type="CollisionShape" parent="Box"]
shape = SubResource( 1 )

[node name="MeshInstance" type="MeshInstance" parent="Box"]
mesh = SubResource( 2 )
material/0 = null

[node name="Box2" type="RigidBody" parent="."]
transform = Transform( 0.82792, 0.285122, 0.482963, -0.389526, 0.911879, 0.12941, -0.403506, -0.295268, 0.866025, 0, 8.7198, 9 )
__meta__ = {
"_edit_group_": true
}

[node name="CollisionShape" type="CollisionShape" parent="Box2"]
shape = SubResource( 1 )

[node name="MeshInstance" type="MeshInstance" parent="Box2"]
mesh = SubResource( 2 )
material/0 = null

[node name="Box3" type="RigidBody" parent="."]
transform = Transform( 0.590535, -0.807012, 0, 0.807012, 0.590535, 0, 0, 0, 1, -7, 13.9468, -7 )
__meta__ = {
"_edit_group_": true
}

[node name="CollisionShape" type="CollisionShape" parent="Box3"]
shape = SubResource( 1 )

[node name="MeshInstance" type="MeshInstance" parent="Box3"]
mesh = SubResource( 2 )
material/0 = null

[node name="Camera" type="Camera" parent="."]
transform = Transform( 1, 0, 0, 0, 0.916551, 0.399917, 0, -0.399917, 0.916551, 0, 10.889, 16.2298 )

[node name="Floor" type="StaticBody" parent="."]
__meta__ = {
"_edit_group_": true
}

[node name="CollisionShape" type="CollisionShape" parent="Floor"]
shape = SubResource( 3 )

[node name="MeshInstance" type="MeshInstance" parent="Floor"]
mesh = SubResource( 4 )
material/0 = null

[node name="Steve" parent="." instance=ExtResource( 1 )]
transform = Transform( 1, 0, 0, 0, 1, 0, 0, 0, 1, 0, 2, 0 )
script = ExtResource( 2 )
